t	ay
0	-0.0705
0.002563	-0.0562
0.016349	-0.0516
0.027236	0.0294
0.035182	0.0626
0.051137	0.0813
0.051239	0.0761
0.066277	0.0609
0.074788	0.0318
0.082098	0.0219
0.098243	0.04
0.106778	0.0778
0.115314	0.0725
0.122925	0.0719
0.131655	0.0714
0.149048	0.0227
0.155094	-0.0303
0.167376	-0.0592
0.170725	-0.0691
0.185474	-0.0837
0.200891	-0.0556
0.20314	0.0015
0.218009	0.0538
0.235435	0.1634
0.235532	0.1489
0.242477	0.0913
0.251231	0.0337
0.267737	-0.096
0.275205	-0.1201
0.283681	-0.0867
0.290954	-0.039
0.300515	0.0182
0.31605	0.0897
0.32264	0.0752
0.334306	0.0561
0.351617	-0.0248
0.355297	-0.0434
0.368329	-0.0475
0.371256	-0.0514
0.381245	-0.0409
0.398583	-0.0964
0.402713	-0.1342
0.417521	-0.2304
0.427135	-0.3565
0.43546	-0.3241
0.45308	-0.2246
0.453182	-0.1154
0.469024	0.0026
0.475333	-0.0129
0.484682	-0.0383
0.490567	-0.1025
0.506572	-0.3078
0.518271	-0.4728
0.523345	-0.6285
0.531501	-0.8182
0.551319	-11.752
0.555412	-13.521
0.565224	-16.202
0.570914	-18.551
0.594659	-20.905
0.59475	-2.317
0.603407	-26.265
0.628451	-28.051
0.628524	-29.119
0.636744	-28.188
0.642508	-27.626
0.660142	-27.351
0.668506	-28.994
0.675061	-29.953
0.69091	-31.289
0.691	-34.152
0.703245	-3.869
0.726093	-52.836
0.726186	-59.334
0.743052	-63.053
0.743203	-63.272
0.754884	-49.271
0.779044	-36.295
0.77913	-25.418
0.78952	-0.3355
0.809153	0.1988
0.809233	0.2741
0.818503	-0.9133
0.827061	-16.008
0.848091	-2.186
0.848204	-23.007
0.851285	-18.831
0.879311	-0.6911
0.879416	-0.2327
0.892319	0.37
0.892434	0.9298
0.907626	14.939
0.928428	14.456
0.928659	0.6274
0.938495	-0.1763
0.960074	-0.6168
0.960177	-0.0916
0.97022	0.6014
0.996193	25.685
1.026593	53.219
1.043452	43.072
1.05486	48.934
1.058124	51.647
1.073309	50.355
1.083	49.633
1.090961	51.003
1.099312	55.205
1.106765	61.852
1.116697	73.825
1.134076	99.081
1.138912	105.682
1.14976	107.173
1.167306	99.145
1.171349	95.383
1.185252	94.438
1.186901	95.732
1.201967	97.776
1.210435	105.207
1.218605	109.491
1.226556	111.985
1.243168	110.656
1.251377	110.858
1.259258	114.151
1.267034	119.009
1.286659	126.935
1.29068	127.267
1.300677	123.557
1.307075	116.708
1.319859	108.115
1.337156	86.336
1.33921	75.245
1.352938	65.585
1.368902	44.364
1.370763	33.319
1.385362	21.519
1.386834	0.81
1.401846	-0.9287
1.418093	-57.333
1.419391	-87.413
1.427563	-11.211
1.443114	-15.959
1.450949	-176.048
1.458959	-181.622
1.467668	-176.847
1.483832	-149.552
1.491554	-131.501
1.49977	-114.463
1.506997	-94.702
1.519408	-78.817
1.533218	-6.115
1.539145	-63.536
1.551774	-70.418
1.568294	-92.691
1.571288	-103.728
1.592156	-114.047
1.592198	-120.298
1.608457	-12.282
1.608551	-121.135
1.628909	-110.691
1.628994	-105.093
1.643367	-97.788
1.66308	-95.982
1.663177	-96.092
1.674236	-97.972
1.683785	-103.164
1.69059	-105.761
1.711918	-108.839
1.712062	-110.338
1.719338	-110.737
1.733219	-107.754
1.739295	-104.658
1.763139	-101.942
1.763236	-98.455
1.770225	-95.053
1.800139	-95.809
1.811766	-103.988
1.826779	-115.774
1.848683	-11.649
1.848789	-71.548
1.850191	-22.231
1.882692	139.679
1.895623	562.632
1.906896	443.741
1.922844	333.941
1.922968	200.562
1.937685	167.623
1.965021	147.436
1.995782	144.371
2.010534	-0.886
2.028376	-37.251
2.028476	-59.871
2.042961	-100.117
2.057188	-115.024
2.071389	-126.666
2.071477	-133.086
2.083857	-130.883
2.09005	-12.145
2.10676	-111.491
2.106822	-97.271
2.123297	-81.902
2.13315	-47.186
2.138793	-34.352
2.162169	-25.731
2.162248	-23.383
2.172959	-26.925
2.178464	-26.589
2.186457	-20.074
2.203564	24.905
2.211425	66.245
2.219089	12.923
2.226673	170.276
2.236259	150.348
2.251615	35.274
2.258602	-0.2001
2.268051	-30.738
2.286717	-68.463
2.291238	-74.014
2.302891	-67.069
2.306617	-50.932
2.320741	-34.268
2.33675	-0.0987
2.338967	10.889
2.350568	18.456
2.369239	2.665
2.371078	25.794
2.384889	20.535
2.386652	14.369
2.40408	0.2758
2.411042	-0.0582
2.419359	-0.2247
2.4268	-0.3433
2.436951	-0.4188
2.451997	-0.3831
2.459375	-0.3341
2.468625	-0.357
2.484858	-0.3406
2.490505	-0.3013
2.503005	-0.2426
2.506527	-0.1599
2.518329	-0.0388
2.538269	0.2756
2.539027	0.4976
2.551546	0.6671
2.567793	0.643
2.570545	0.4063
2.578519	0.0597
2.594072	-0.3061
2.603435	-0.6507
2.61079	-0.7312
2.619153	-0.7542
2.626512	-0.7581
2.637038	-0.6997
2.661158	-0.3776
2.661229	-0.2291
2.67625	-0.1146
2.676408	0.0381
2.693512	0.138
2.709016	0.1608
2.709094	0.1319
2.730267	0.0648
2.730333	-0.0405
2.738521	-0.2656
2.763219	-0.2658
2.763318	-0.2135
2.77095	-0.0514
2.784579	0.0056
2.78671	0.0626
2.811875	0.1338
2.812064	0.1527
2.822488	0.1477
2.826455	0.1716
2.848188	0.1813
2.848285	0.1863
2.858617	0.1312
2.880247	0.1038
2.880408	0.086
2.89012	0.0645
2.915609	0.0751
2.915767	0.1337
2.915852	0.2162
2.927993	0.2319
2.943526	0.2381
2.954941	0.1359
2.962953	-0.0762
2.976726	-0.1128
2.978531	-0.1588
2.99621	-0.1665
2.996281	-0.1552
3.011273	-0.0944
3.019234	-0.0208
3.026304	0.0624
3.047713	0.0451
3.047829	0.0038
3.061604	0.0458
3.075971	0.0525
3.07604	0.0065
3.095039	-0.0874
3.098647	-0.122
3.1078	-0.1442
3.124627	-0.1234
3.13959	-0.1394
3.139722	-0.1093
3.157474	-0.0603
3.157535	-0.0161
3.177362	0.058
3.178918	-0.027
3.186359	-0.0595
3.202584	-0.1297
3.210524	-0.1003
3.218562	-0.0375
3.226862	0.0251
3.243474	0.0069
3.254252	-0.0548
3.259272	-0.0877
3.27109	-0.0873
3.287205	-0.0098
3.290923	0.0385
3.304149	0.0916
3.306815	0.1351
3.321084	0.1308
3.338212	-0.0647
3.339355	0.0411
3.355241	0.683
3.362479	-0.2117
3.37145	-0.3544
3.37868	-0.4205
3.386878	-0.3528
3.404444	-0.0932
3.411315	0.1179
3.419522	0.1521
3.427253	0.1385
3.438257	0.1825
3.453339	-0.0503
3.458322	-0.0926
3.470199	-0.0823
3.487408	-0.0858
3.49146	-0.0373
3.503136	-0.0559
3.507247	-0.0745
3.520463	0.0697
3.540989	0.0181
3.541254	-0.0245
3.552014	-0.1101
3.569053	-0.071
3.571649	0.0058
3.579574	0.0539
3.587	0.011
3.604805	0.0163
3.611043	-0.0791
3.619037	-0.117
3.627	-0.0593
3.639245	0.1229
3.653537	-0.1253
3.660202	-0.1775
3.672021	-0.2203
3.697801	-0.1579
3.733015	0.0191
3.76512	0.1092
3.77868	-0.1777
3.795749	-0.2877
3.79584	-0.2445
3.809676	-0.254
3.83235	-0.0824
3.832408	0.0749
3.842667	0.0635
3.869066	-0.0522
3.897139	-0.0792
3.897229	0.1309
3.904374	0.0151
3.9301	0.305
3.942608	0.1641
3.966709	0.1183
3.966833	0.1317
3.977263	-0.0607
3.987716	-0.3446
3.995412	-0.0867
4.014965	-0.1306
4.015093	-0.2177
4.02013	-0.2092
4.047771	0.2576
4.047899	0.2803
4.055767	0.1833
4.070429	0.0326
4.075543	0.1273
4.093443	0.5142
4.093504	0.5137
4.116123	0.5229
4.116183	0.4846
4.123466	0.3226
4.144709	0.0311
4.144826	-0.2413
4.159537	-0.5715
4.164003	-0.543
4.175439	-0.5099
4.189906	-0.2997
4.197064	0.1925
4.203327	0.3116
4.211253	0.2778
4.221595	0.2011
4.236975	0.0245
4.242878	-0.0612
4.252624	-0.3434
4.270266	-0.5928
4.275363	-0.1002
4.287205	0.1192
4.291591	0.6214
4.304419	0.578
4.320076	0.1954
4.322592	-0.0196
4.330706	-0.2011
4.346918	0.0916
4.355347	0.0293
4.36457	-0.1525
4.373333	-0.0471
4.389638	0.0294
4.395265	0.0099
4.40323	0.0426
4.411005	-0.4229
4.422709	-0.3187
4.438248	-0.3744
4.443319	-0.2083
4.453598	0.0202
4.471233	0.2798
4.475343	0.2775
4.487618	0.347
4.491163	0.2155
4.505297	-0.0067
4.52074	0.2159
4.523824	0.1764
4.538623	-0.0308
4.54714	-0.4213
4.555479	0.1043
4.563122	0.5389
4.572339	0.4996
4.587149	0.3456
4.596533	0.1062
4.603606	0.0247
4.611786	-0.3011
4.622177	-0.3157
4.635976	0.0138
4.643147	0.128
4.654739	0.2088
4.671124	0.2849
4.675335	0.1892
4.694483	-0.0454
4.694582	-0.2082
4.705104	0.2177
4.719669	-0.5397
4.723002	0.2645
4.731061	-0.1288
4.746864	0.0528
4.755495	0.3107
4.763614	0.5548
4.772682	0.6842
4.789053	0.8581
4.795813	0.7495
4.805788	0.5456
4.811141	0.2172
4.822314	-0.326
4.840106	-0.8579
4.843639	-0.22
4.855696	0.1293
4.871188	-0.0149
4.875611	0.619
4.899243	0.2999
4.899378	0.1438
4.911389	-0.3449
4.930522	-0.3714
4.944962	-0.4831
4.966093	0.051
4.966182	0.2669
4.976199	0.3248
4.998225	0.1391
4.998314	0.0107
5.0081	-0.0744
5.011691	-0.2171
5.035213	-0.3455
5.035296	-0.4214
5.045512	-0.3966
5.06585	-0.3486
5.065995	-0.2003
5.071852	-0.0807
5.092158	0.1731
5.09223	0.1924
5.112435	0.2165
5.112494	0.116
5.133867	-0.0036
5.133945	-0.0754
5.146879	-0.0278
5.163452	0.063
5.163555	0.0103
5.172945	0.0343
5.187104	0.0058
5.19542	-0.0276
5.203094	0.011
5.210817	0.0017
5.220904	0.0452
5.237445	0.0894
5.24344	0.0613
5.254287	0.0426
5.270702	0.082
5.275495	0.006
5.289074	-0.0557
5.291642	0.007
5.306278	-0.1028
5.325162	-0.074
5.325252	0.0026
5.332378	0.0696
5.34055	0.1128
5.356019	-0.0545
5.364585	-0.0687
5.372516	-0.1597
5.390376	-0.088
5.395991	0.0028
5.404516	0.0745
5.412226	0.1079
5.424261	0.0839
5.437046	-0.1609
5.443253	0.0635
5.456759	0.1397
5.472891	0.0776
5.47552	0.102
5.489775	0.1026
5.491373	0.0554
5.506241	-0.0013
5.522112	-0.062
5.522757	0.0197
5.530748	0.0055